0.0, 750.0
202.02020202020202, 760.1
404.04040404040404, 734.0
606.060606060606, 729.1
808.0808080808081, 732.8000000000001
1010.1010101010102, 723.3000000000001
1212.121212121212, 773.3000000000001
1414.141414141414, 768.8000000000001
1616.1616161616162, 776.1
1818.1818181818182, 783.1
2020.2020202020203, 739.2
2222.222222222222, 773.4000000000001
2424.242424242424, 740.2
2626.2626262626263, 743.0
2828.282828282828, 749.3000000000001
3030.3030303030305, 742.7
3232.3232323232323, 777.0
3434.343434343434, 740.2
3636.3636363636365, 3664.9
3838.3838383838383, 70554.40000000001
4040.4040404040406, 101988.70000000001
4242.424242424242, 116374.6
4444.444444444444, 116918.8
4646.464646464647, 118047.70000000001
4848.484848484848, 119181.0
5050.50505050505, 61371.600000000006
5252.525252525253, 23616.300000000003
5454.545454545455, 8513.800000000001
5656.565656565656, 2948.0
5858.585858585859, 1826.3000000000002
6060.606060606061, 1024.4
6262.626262626262, 986.7
6464.646464646465, 716.5
6666.666666666667, 691.2
6868.686868686868, 748.2
7070.707070707071, 770.4000000000001
7272.727272727273, 699.6
7474.747474747474, 759.3000000000001
7676.767676767677, 711.8000000000001
7878.787878787879, 707.1
8080.808080808081, 749.0
8282.828282828283, 736.9000000000001
8484.848484848484, 711.1
8686.868686868687, 778.4000000000001
8888.888888888889, 750.1
9090.90909090909, 750.9000000000001
9292.929292929293, 801.8000000000001
9494.949494949495, 792.5
9696.969696969696, 765.2
9898.9898989899, 747.0
10101.0101010101, 765.7
10303.030303030304, 727.6
10505.050505050505, 733.7
10707.070707070707, 730.3000000000001
10909.09090909091, 755.6
11111.111111111111, 754.5
11313.131313131313, 771.0
11515.151515151516, 722.0
11717.171717171717, 747.0
11919.191919191919, 753.7
12121.212121212122, 736.0
12323.232323232323, 750.6
12525.252525252525, 755.5
12727.272727272728, 709.6
12929.29292929293, 735.1
13131.31313131313, 757.5
13333.333333333334, 703.7
13535.353535353535, 806.6
13737.373737373737, 763.1
13939.39393939394, 760.8000000000001
14141.414141414141, 795.7
14343.434343434343, 757.9000000000001
14545.454545454546, 744.5
14747.474747474747, 790.9000000000001
14949.494949494949, 758.2
15151.515151515152, 762.9000000000001
15353.535353535353, 753.6
15555.555555555555, 769.4000000000001
15757.575757575758, 774.1
15959.59595959596, 753.8000000000001
16161.616161616163, 708.5
16363.636363636364, 733.4000000000001
16565.656565656565, 717.7
16767.676767676767, 756.8000000000001
16969.696969696968, 734.3000000000001
17171.717171717173, 734.5
17373.737373737375, 724.6
17575.757575757576, 757.2
17777.777777777777, 731.7
17979.79797979798, 768.5
18181.81818181818, 736.0
18383.838383838385, 745.4000000000001
18585.858585858587, 721.6
18787.878787878788, 740.1
18989.89898989899, 739.9000000000001
19191.91919191919, 741.1
19393.939393939392, 755.7
19595.959595959597, 717.1
19797.9797979798, 767.1
20000.0, 743.5
